Solution exists for: (0, 0)
  0   3  22  19  48   5  34  37
 21  18   1   4  35  38  49   6
  2  23  20  63  50  47  36  33
 17  60  51  56  39  62   7  46
 24  13  58  61  52  45  32  43
 59  16  55  40  57  42  29   8
 12  25  14  53  10  27  44  31
 15  54  11  26  41  30   9  28

Solution exists for: (0, 1)
 15   0  25  28  13  56  37  46
 24  27  14  57  38  47  12  55
  1  16  29  26  59  54  45  36 
 30  23  58  39  48  41  52  11
 17   2  31  60  53  44  35  42
 22  61  20  49  40  51  10   7
  3  18  63  32   5   8  43  34
 62  21   4  19  50  33   6   9

Solution exists for: (0, 2)
 34  31   0  15  44  29  10  13
  1  16  33  30  11  14  43  28
 32  35  56  47  52  45  12   9
 17   2  53  62  55  50  27  42 
 36  57  48  51  46  63   8  23
  3  18  61  54  49  24  41  26
 58  37  20   5  60  39  22   7
 19   4  59  38  21   6  25  40

Solution exists for: (0, 3)
 31  18  15   0  29  56  13  10
 16   1  30  63  14  11  28  55
 19  32  17  40  57  52   9  12
  2  41  62  45  60  39  54  27
 33  20  47  58  53  26  51   8 
 42   3  44  61  46  59  38  25
 21  34   5  48  23  36   7  50
  4  43  22  35   6  49  24  37

Solution exists for: (0, 4)
 10  13  28  49   0  15  18  51
 29  36  11  14  27  50   1  16
 12   9  54  35  48  17  52  19
 37  30  47  58  53  26  45   2
  8  63  34  55  46  57  20  25 
 31  38  59  62  23  42   3  44
 60   7  40  33  56   5  24  21
 39  32  61   6  41  22  43   4

Solution exists for: (0, 5)
 13  10  29  52  15   0  33  36
 28  51  14  11  42  35  16   1
  9  12  53  30  59  32  37  34
 50  27  58  41  54  43   2  17
 23   8  49  60  31  40  45  38
 26  61  24  57  44  55  18   3
  7  22  63  48   5  20  39  46 
 62  25   6  21  56  47   4  19

Solution exists for: (0, 6)
 28  15  30  13  26  43   0   3
 31  12  27  44  47   2  25  42
 16  29  14  49  40  45   4   1
 11  32  55  46  53  48  41  24
 56  17  50  39  60  23  52   5
 33  10  59  54  51  38  63  22
 18  57   8  35  20  61   6  37
  9  34  19  58   7  36  21  62

Solution exists for: (0, 7)
 21  48   5  50  19  34   3   0
  6  55  20  43   4   1  18  33
 47  22  49  54  51  44  35   2 
 56   7  52  45  42  59  32  17
 23  46  57  60  53  40  13  36
  8  61  26  41  58  37  16  31
 27  24  63  10  29  14  39  12
 62   9  28  25  38  11  30  15

Solution exists for: (1, 0)
  3   6   1  22  27   8  33  36
  0  21   4   7  32  35  26   9
  5   2  23  58  25  28  37  34
 20  63  46  31  44  53  10  29
 47  16  59  24  57  30  43  38
 60  19  62  45  54  41  52  11
 15  48  17  56  13  50  39  42
 18  61  14  49  40  55  12  51

Solution exists for: (1, 1)
 18  15  32   1  20   5  62   3
 31   0  19  16  61   2  21   6 
 14  17  58  33  22  51   4  63
 35  30  23  48  57  60   7  50
 24  13  34  59  52  49  46  41
 29  36  27  56  47  42  53   8
 12  25  38  43  10  55  40  45
 37  28  11  26  39  44   9  54

Solution exists for: (1, 2)
  1  42   3  18  35  32  13  16
  4  19   0  59  14  17  34  31
 43   2  41  36  33  60  15  12
 20   5  56  61  58  39  30  63
 53  44  37  40  55  62  11  26
  6  21  54  57  38  27  48  29
 45  52  23   8  47  50  25  10
 22   7  46  51  24   9  28  49

Solution exists for: (1, 3)
  4   1   6  21  28  33  16  19
  7  22   3   0  17  20  29  32
  2   5  24  27  34  31  18  15
 23   8  55  48  25  40  35  30 
 56  49  26  41  60  53  14  39
  9  42  59  54  47  38  61  36 
 50  57  44  11  52  63  46  13
 43  10  51  58  45  12  37  62

Solution exists for: (1, 4)
 23  16  21  52  25   6   1   4
 20  51  24  17   0   3  26   7
 15  22  19  58  53  28   5   2
 50  59  54  29  18  33   8  27
 55  14  61  46  57  30  37  32
 60  49  56  43  40  45  34   9
 13  42  47  62  11  36  31  38
 48  63  12  41  44  39  10  35 

Solution exists for: (1, 5)
 30  13  28  43  32  15  36   1
 27  42  31  14  49   0  33  16
 12  29  40  51  44  35   2  37
 41  26  59  48  39  50  17  34
 56  11  52  45  60  47  38   3
 25   8  55  58  53  20  63  18
 10  57   6  23  46  61   4  21
  7  24   9  54   5  22  19  62

Solution exists for: (1, 6)
  3  16  41  26   1  14  49  58
 40  27   2  15  50  57   0  13
 17   4  55  42  25  12  59  48
 28  39  34  51  56  53  24  11
  5  18  43  54  35  60  47  62 
 38  29  36  33  52  63  10  23
 19   6  31  44  21   8  61  46
 30  37  20   7  32  45  22   9

Solution exists for: (1, 7)
 32  29  20   5  24   1  18   3
 21   6  31  28  19   4  25   0
 30  33  38  23  56  27   2  17
  7  22  55  48  37  46  63  26
 34  39  36  57  54  59  16  45
 11   8  49  42  47  62  53  60
 40  35  10  13  58  51  44  15
  9  12  41  50  43  14  61  52

Solution exists for: (2, 0)
 22   1  20  17  24   3  36  39
 19  16  23   2  41  38  25   4
  0  21  18  55  26  35  40  37
 15  50  27  42  61  48   5  34 
 28  11  56  49  54  43  60  47
 51  14  53  44  59  62  33   6
 10  29  12  57   8  31  46  63
 13  52   9  30  45  58   7  32

Solution exists for: (2, 1)
  1   4  55  22  49   6  51  20
 56  23   2   5  54  21  48   7
  3   0  57  62  59  50  19  52
 24  63  60  15  42  53   8  47
 37  14  35  58  61  16  41  18
 34  25  38  43  40  29  46   9
 13  36  27  32  11  44  17  30
 26  33  12  39  28  31  10  45

Solution exists for: (2, 2)
 14   1  62  29  16  11  20  23
 63  30  15  12  39  22  17  10
  2  13   0  61  28  19  24  21
 31  60  45  40  47  38   9  18
 44   3  58  37  54  27  48  25 
 59  32  55  46  41  36  51   8
  4  43  34  57   6  53  26  49
 33  56   5  42  35  50   7  52

Solution exists for: (2, 3)
 11  14  47  52   1  16  19  62
 48  37  12  15  46  63   2  17
 13  10  51   0  53  18  61  20
 38  49  36  45  60  25  58   3
  9  34  39  50  43  54  21  26
 40  31  44  35  24  59   4  57
 33   8  29  42  55   6  27  22
 30  41  32   7  28  23  56   5

Solution exists for: (2, 4)
  4  35   6  43   2  37  16  45
  7  42   3  36  17  44   1  38
 34   5  50  41   0  19  46  15
 51   8  33  18  59  62  39  20 
 32  49  60  63  40  47  14  57
  9  52  29  48  61  58  21  24
 28  31  54  11  26  23  56  13
 53  10  27  30  55  12  25  22

Solution exists for: (2, 5)
 49   4  33  30  47   2  35  14
 32  29  48   3  34  13  46   1
  5  50  31  56  45   0  15  36
 28  55  62  51  38  53  12  43
 63   6  57  54  61  44  37  16
 24  27  60  39  52  19  42  11
  7  58  25  22   9  40  17  20
 26  23   8  59  18  21  10  41

Solution exists for: (2, 6)
 58  27   6  31  50  33   4   1
  7  30  59  52   5   2  41  34
 26  57  28  49  32  51   0   3
 29   8  53  60  15  40  35  42 
 54  25  56  39  48  43  14  17
  9  22  61  44  63  16  47  36
 24  55  20  11  38  45  18  13
 21  10  23  62  19  12  37  46

Solution exists for: (2, 7)
 25  22   3  62  17  20   1  60
  4  41  24  21   2  61  16  19
 23  26  63  38  55  18  59   0
 40   5  42  47  58  49  36  15
 27  46  39  54  37  56  11  50
  6  43  30  57  48  53  14  35
 31  28  45   8  33  12  51  10
 44   7  32  29  52   9  34  13

Solution exists for: (3, 0)
 33  16  19   2  35   6  21   4
 18   1  34  39  20   3  36   7
 15  32  17  62  59  38   5  22 
  0  63  50  57  40  61   8  37
 31  14  55  60  49  58  23  44
 54  51  48  41  56  45  26   9
 13  30  53  46  11  28  43  24
 52  47  12  29  42  25  10  27

Solution exists for: (3, 1)
  4   7   2  23  50   9  62  43
  1  22   5   8  63  42  49  10
  6   3  24  51  26  61  44  57
 21   0  27  60  41  56  11  48
 28  17  34  25  52  47  58  45
 33  20  31  40  59  38  55  12
 16  29  18  35  14  53  46  37
 19  32  15  30  39  36  13  54

Solution exists for: (3, 2)
 37  48  15  20  35  32  13  22
 16   1  36  47  14  21  34  31 
 49  38  19  56  33  46  23  12
  2  17   0  63  60  57  30  45
 39  50  59  18  55  62  11  24
  6   3  54  61  58  27  44  29
 51  40   5   8  53  42  25  10
  4   7  52  41  26   9  28  43

Solution exists for: (3, 3)
 28  17  30  45  26   7   2   5
 31  44  27  18   1   4  25   8
 16  29  54  43  46  19   6   3
 55  32  47   0  63  24   9  20
 36  15  56  53  42  21  60  23
 33  52  35  48  59  62  41  10
 14  37  50  57  12  39  22  61
 51  34  13  38  49  58  11  40

Solution exists for: (3, 4)
 11  14  29  38  41  16  27  24
 30  39  12  15  28  25  46  17 
 13  10  37  40  45  42  23  26
 36  31  44  57   0  59  18  47
  9  52  35  60  43  48   1  22
 32  61  56  51  58  21   4  19
 53   8  63  34  55   6  49   2
 62  33  54   7  50   3  20   5

Solution exists for: (3, 5)
 50  13  46  35  56  15  44  19
 47  34  49  14  45  18   1  16
 12  51  36  57  38  55  20  43
 33  48  53  62  41   0  17   2
 52  11  58  37  54  39  42  21
 29  32  63  40  61  24   3   6
 10  59  30  27   8   5  22  25
 31  28   9  60  23  26   7   4

Solution exists for: (3, 6)
 33  30   9  56  27   2   7   4 
 10  63  32  29   8   5  26   1
 31  34  57  60  55  28   3   6
 58  11  62  43  18  49   0  25
 35  44  59  54  61  42  17  48
 12  53  38  45  50  19  24  21
 39  36  51  14  41  22  47  16
 52  13  40  37  46  15  20  23

Solution exists for: (3, 7)
  4  23   6  37   2  21  16  35
  7  40   3  22  17  36   1  20
 24   5  38  41  52  19  34  15
 39   8  51  18  47  44  57   0
 50  25  42  45  58  53  14  33
  9  28  63  48  43  46  59  56
 26  49  30  11  54  61  32  13
 29  10  27  62  31  12  55  60

Solution exists for: (4, 0)
 10  27  12  43   8  25  62  41 
 13  34   9  26  63  42   7  24
 28  11  56  49  44  47  40  61
 33  14  35  46  57  60  23   6
  0  29  50  55  48  45  58  39
 15  32  17  36  59  54   5  22
 18   1  30  51  20   3  38  53
 31  16  19   2  37  52  21   4

Solution exists for: (4, 1)
 13  10  31  52  29   8  25  56
 32  41  12   9  48  55  28   7
 11  14  53  30  51  26  57  24
 40  33  42  47  54  49   6  27
 15   0  39  50  37  58  23  62
 34  43  36  59  46  63  20   5
  1  16  45  38   3  18  61  22
 44  35   2  17  60  21   4  19

Solution exists for: (4, 2)
 34  17  20   3  36   7  22   5 
 19   2  35  58  21   4  63   8
 16  33  18  37  56  59   6  23
  1  38  57  60  49  54   9  62
 32  15   0  55  42  61  24  51
 39  44  41  48  53  50  27  10
 14  31  46  43  12  29  52  25
 45  40  13  30  47  26  11  28

Solution exists for: (4, 3)
  5  52   3  26   7  24  55  42
  2  27   6  51  54  43   8  23
 59   4  53  44  25  56  41  48
 28   1  58  63  50  47  22   9
 15  60  45   0  57  62  49  40
 32  29  16  61  46  37  10  21
 17  14  31  34  19  12  39  36
 30  33  18  13  38  35  20  11

Solution exists for: (4, 4)
 38  17  36  23  40  15  44  47
 35  22  39  16  43  46  25  14
 18  37  34  51  24  41  48  45
 33  52  21  42  55  50  13  26
  6  19  60  53   0  27  56  49
 63  32   7  20  59  54   1  12
  8   5  30  61  10   3  28  57
 31  62   9   4  29  58  11   2

Solution exists for: (4, 5)
 41  30  39   6  43  18  45   4
 38   7  42  31  46   5  20  17
 29  40  37  54  19  44   3  62
  8  53  28  47  32  63  16  21
 27  48  57  36  55   0  61   2
 52   9  50  33  58  13  22  15
 49  26  11  56  35  24   1  60
 10  51  34  25  12  59  14  23 

Solution exists for: (4, 6)
 10  19  34  29  12  17  36  39
 33  30  11  18  35  38  13  16
 20   9  32  43  28  15  40  37
 31  50  45  54  59  42  27  14
  8  21  56  49  44  63   0  41
 51  46  53  60  55  58   3  26
 22   7  48  57  24   5  62   1
 47  52  23   6  61   2  25   4

Solution exists for: (4, 7)
 29  10  39  34  27  12  63  42
 38  35  28  11  40  43  26  13
  9  30  37  56  33  62  41  60
 36  57  32  53  44  59  14  25
 31   8  51  58  55  24  61   0
 50   5  54  23  52  45  18  15
  7  22   3  48  17  20   1  46 
  4  49   6  21   2  47  16  19

Solution exists for: (5, 0)
 13  28   9  40  23  26   7  38
 10  45  12  27   8  39  22  25
 29  14  41  46  61  24  37   6
 44  11  52  55  42  47  60  21
 15  30  43  62  53  56   5  36
  0  51  54  33  48  63  20  59
 31  16  49   2  57  18  35   4
 50   1  32  17  34   3  58  19

Solution exists for: (5, 1)
 20  45  12  43  18  41  10  31
 13  28  19  56  11  30  17  40
 46  21  44  29  42  55  32   9
 27  14  59  52  57  16  39  54
 22  47  26  15  60  53   8  33
  3   0  51  58  25  36  61  38
 48  23   2   5  50  63  34   7 
  1   4  49  24  35   6  37  62

Solution exists for: (5, 2)
 13  28  33  42  11  26  23  62
 34  47  12  27  32  63  10  25
 29  14  43  46  41  24  61  22
 44  35  48  31  60  53  40   9
 15  30  45  52  39  58  21  54
 36  49   0  59  18  55   8   5
  1  16  51  38   3   6  57  20
 50  37   2  17  56  19   4   7

Solution exists for: (5, 3)
 52  55  10  37  42  63   8   5
 11  36  53  56   9   6  41  62
 54  51  38  43  60  57   4   7
 35  12  59  48  19  40  61  26
 50  31  44  39  58  27  18   3
 13  34  49   0  47  20  25  22
 30  45  32  15  28  23   2  17 
 33  14  29  46   1  16  21  24

Solution exists for: (5, 4)
  5   8  23  56  49  10  25  28
 22  61   6   9  24  27  48  11
  7   4  57  60  55  50  29  26
 36  21  62  51  42  59  12  47
  3  52  37  58  63  54  43  30
 20  35  18  53   0  41  46  13
 17   2  33  38  15  44  31  40
 34  19  16   1  32  39  14  45

Solution exists for: (5, 5)
 56   7  62  45  54   5  30  39
 47  44  55   6  61  40  53   4
  8  57  46  63  50  31  38  29
 43  48  33  58  41  60   3  52
 18   9  42  49  32  51  28  37
 21  24  19  34  59   0  13   2 
 10  17  22  25  12  15  36  27
 23  20  11  16  35  26   1  14

Solution exists for: (5, 6)
  7  10  25  54  45  12  27  30
 24  55   8  11  26  29  46  13
  9   6  57  44  53  40  31  28
 56  23  62  49  42  51  14  47
  5  58  43  52  39  48  41  32
 22  61  20  63  50  35   0  15
 19   4  59  38  17   2  33  36
 60  21  18   3  34  37  16   1

Solution exists for: (5, 7)
 32   7  60  41  30   9  52  13
 61  42  31   8  59  12  29  10
  6  33  58  63  40  53  14  51
 43  62  39  54  49  56  11  28
 34   5  48  57  38  27  50  15
 47  44  35  26  55  18  21   0 
  4  25  46  37   2  23  16  19
 45  36   3  24  17  20   1  22

Solution exists for: (6, 0)
 12  35  14  53  10  33  28  51
 15  54  11  34  29  52   9  32
 36  13  42  59  56  31  50  27
 41  16  55  30  63  44  57   8
 20  37  60  43  58  49  26  45
 17  40  19  48  23  62   7   4
  0  21  38  61   2   5  46  25
 39  18   1  22  47  24   3   6

Solution exists for: (6, 1)
  3   6  47  30  35   8  37  28
 48  21   4   7  46  29  34   9
  5   2  43  50  31  36  27  38
 20  49  22  61  42  45  10  33
  1  16  51  44  59  32  39  26 
 52  19  60  23  62  41  56  11
 15   0  17  54  13  58  25  40
 18  53  14  63  24  55  12  57

Solution exists for: (6, 2)
 28   7  26  49  30   9  34  55
 25  50  29   8  59  54  31  10
  6  27  60  53  48  33  56  35
 51  24  41  46  63  58  11  32
 20   5  52  61  40  47  36  57
 23   2  21  42  45  62  15  12
  4  19   0  39  14  17  44  37
  1  22   3  18  43  38  13  16 

Solution exists for: (6, 3)
 43  10  51  60  41  12  37  62
 50  55  42  11  52  61  40  13
  9  44  59  54  47  38  63  36
 56  49  26  45  58  53  14  39
 23   8  57  48  25  46  35  30
  2   5  24  27  34  31  18  15
  7  22   3   0  17  20  29  32
  4   1   6  21  28  33  16  19

Solution exists for: (6, 4)
 60   7  26  21  62   5  28  19
 25  22  61   6  27  20  31   4
  8  59  24  55  34  63  18  29
 23  54  47  58  45  30   3  32
 48   9  50  35  56  33  44  17
 53  12  57  46  43  36  39   2
 10  49  14  51   0  41  16  37
 13  52  11  42  15  38   1  40

Solution exists for: (6, 5)
  7  48   9  50   5  58  19  62
 10  29   6  59  20  63   4  57
 47   8  49  30  51  56  61  18
 28  11  46  43  60  21  54   3
 35  44  31  52  55  42  17  22
 12  27  36  45  32  53   2  41
 37  34  25  14  39   0  23  16
 26  13  38  33  24  15  40   1

Solution exists for: (6, 6)
 28   9  38  33  26  11  40  59
 37  34  27  10  39  60  25  12
  8  29  36  61  32  41  58  55
 35  48  31  42  63  56  13  24
 30   7  62  49  44  23  54  57
 47   4  43  22  53  50  17  14
  6  21   2  45  16  19   0  51 
  3  46   5  20   1  52  15  18

Solution exists for: (6, 7)
 45  32  27  10  49  14  25  12 
 28   9  46  43  26  11  48  15
 33  44  31  50  47  58  13  24
  8  29  62  59  42  23  16  57
 63  34  51  30  61  56  41  22
  4   7  60  55  52  19  38  17
 35  54   5   2  37  40  21   0
  6   3  36  53  20   1  18  39

Solution exists for: (7, 0)
 43  16  19   8  25  40  21   6
 18   9  42  63  20   7  24  39 
 15  44  17  26  41  58   5  22
 10  27  60  51  62  23  38  53
 45  14  47  34  59  52  57   4
 28  11  50  61  48  33  54  37
 13  46   1  30  35  56   3  32
  0  29  12  49   2  31  36  55

Solution exists for: (7, 1)
 62  33  26   7  54  43  24   9
 27   6  61  44  25   8  53  42
 34  63  32  29  52  55  10  23
  5  28  57  60  45  30  41  50 
 58  35  18  31  56  51  22  11
  1   4  59  46  21  14  49  40
 36  19   2  17  38  47  12  15
  3   0  37  20  13  16  39  48

Solution exists for: (7, 2)
 39   4  41  52  37   6  33  56
 42  25  38   5  48  55  36   7
  3  40  53  44  51  34  57  32
 24  43  26  47  54  49   8  35
 17   2  45  50  27  58  31  62
 20  23  18  59  46  61  12   9
  1  16  21  28  11  14  63  30
 22  19   0  15  60  29  10  13

Solution exists for: (7, 3)
  4  43  22  41   6  63  32  39
 21  24   5  50  33  40   7  62
 44   3  42  23  60  51  38  31 
 25  20  53  46  49  34  61   8
  2  45  26  59  52  47  30  37
 19  54  17  48  35  58   9  12
 16   1  56  27  14  11  36  29
 55  18  15   0  57  28  13  10

Solution exists for: (7, 4)
 29  26   9  46  39  24   7   4
 10  45  28  25   8   5  38  23
 27  30  47  42  61  40   3   6
 44  11  62  51  18  53  22  37
 31  48  43  54  41  60  17   2
 12  57  50  63  52  19  36  21
 49  32  55  14  59  34   1  16
 56  13  58  33   0  15  20  35

Solution exists for: (7, 5)
 56  25   6  21  54  35   4  19
  7  22  55  36   5  20  53  34
 26  57  24  41  52  59  18   3
 23   8  61  58  37  40  33  50 
 62  27  42  39  60  51   2  17
  9  12  63  46  43  38  49  32
 28  45  14  11  30  47  16   1
 13  10  29  44  15   0  31  48

Solution exists for: (7, 6)
 31   6  29  26  43   4  45  62
 28  25  32   5  46  63  42   3
  7  30  27  58  35  44  61  52
 24  33  36  47  60  53   2  41
 17   8  59  34  57  40  51  54
 20  23  18  37  48  55  12   1
  9  16  21  56  11  14  39  50
 22  19  10  15  38  49   0  13

Solution exists for: (7, 7)
  6  43  22  41   4  57  32  39
 21  24   5  58  33  40   3  62
 44   7  42  23  56  61  38  31
 25  20  59  46  49  34  63   2 
  8  45  26  55  60  47  30  37
 19  54  17  48  35  50   1  12
 16   9  52  27  14  11  36  29
 53  18  15  10  51  28  13   0

Time: 0.625 seconds